Pos	A	C	G	T
1	0.211384666123245	0.217822287613844	0.291103692657476	0.279689353605435
2	0.233920895216567	0.245914275977505	0.191518230707804	0.328646598098125
3	0.0887305247606904	0.79282614822261	0.0223226970367296	0.09612062997997
4	0.0614077849778704	0.0561224897105588	0.81040702207846	0.0720627032331114
5	0.206440691217779	0.247154379973281	0.267739143540661	0.27866578526828
6	0.304730925371391	0.192371649482094	0.23262533972942	0.270272085417094
7	0.405420023157148	0.134952602486289	0.168161297684126	0.291466076672437
8	0.442714544553595	0.126839840681154	0.130702688915175	0.299742925850077
9	0.369257253472904	0.172689220401329	0.167585482631293	0.290468043494474
10	0.296350491525421	0.202662664768354	0.198649675135423	0.302337168570801
