Pos	A	C	G	T
1	0.351223485591598	0.198625815789889	0.226200716677567	0.223949981940946
2	0.210099483047941	0.249031936509476	0.289333831362316	0.251534749080266
3	0.217292604297857	0.488453780580069	0.148598026596091	0.145655588525983
4	0.112460062923203	0.0977680818580662	0.0816627664053438	0.708109088813387
5	0.31576812961372	0.471070694453916	0.0860568545655161	0.127104321366848
6	0.800391865285389	0.0980131290603494	0.0427385549828964	0.0588564506713649
7	0.0654238479742952	0.0159727930447791	0.055195798703848	0.863407560277078
8	0.0936561691435944	0.0659983869280731	0.0200781127016567	0.820267331226676
9	0.716413691695288	0.0431316808787745	0.0690104389442661	0.171444188481671
10	0.29224599850885	0.179037612296116	0.195898351187417	0.332818038007617
