Pos	A	C	G	T
1	0.31774477484327	0.222480467219439	0.16845055055366	0.29132410319874
2	0.312837857466012	0.209964771670946	0.174141189551491	0.303056205546792
3	0.365021454135967	0.225150026624858	0.117505721361506	0.292322939229336
4	0.243528807801728	0.198976597419987	0.097955108935303	0.459539605650683
5	0.166040038598852	0.511575416959544	0.172334596044955	0.150050162311771
6	0.150050162311771	0.172334596044955	0.511575416959544	0.166040038598852
7	0.459539605650683	0.097955108935303	0.198976597419987	0.243528807801728
8	0.292322939229336	0.117505721361506	0.225150026624858	0.365021454135967
9	0.303056205546792	0.174141189551491	0.209964771670946	0.312837857466012
10	0.29132410319874	0.16845055055366	0.222480467219439	0.31774477484327
