Pos	A	C	G	T
1	0.337881246366532	0.193000830447349	0.233386176558484	0.235731746627634
2	0.218780515668488	0.246674342598134	0.272617309670283	0.261927832063095
3	0.21908894636552	0.522945783890228	0.131561943670464	0.126403326073788
4	0.0862938294236991	0.0780818858094939	0.0645705286677554	0.771053756099052
5	0.314865970095455	0.484030081403418	0.0768724117107005	0.124231536790426
6	0.834386021687643	0.0943202730712902	0.030165417476914	0.0411282877641532
7	0.0457952438519664	0.00566428254811082	0.0378707951957624	0.91066967840416
8	0.0707519843838969	0.0469545721372652	0.0116952243616842	0.870598219117154
9	0.75671793255721	0.0204706176450385	0.0556449079524443	0.167166541845307
10	0.279927317718924	0.176713537620305	0.183925353899623	0.359433790761148
