Pos	A	C	G	T
1	0.24608743247985	0.209701877136012	0.243638821614846	0.300571868769292
2	0.399815350727171	0.104689917843524	0.399815350727171	0.0956793807021336
3	0.682375407111057	0.137769218698133	0.0670594780113126	0.112795896179497
4	0.000629462450514841	1.46562402828402e-05	3.09576915209341e-08	0.999355850351511
5	0.0300363020221708	0.918192181683051	0.00559798503498074	0.0461735312597976
6	0.0134536874248539	0.981668058978321	0.00425993212326862	0.000618321473556486
7	0.0267751462880048	0.960519303468123	0.0112174890203399	0.00148806122353196
8	0.0317797259261692	0.787472568491435	0.0518745620907299	0.128873143491666
9	0.364130742190507	0.301121243213677	0.100234554571669	0.234513460024147
10	0.252557536201326	0.317868917558407	0.124168447213307	0.305405099026961
