Pos	A	C	G	T
1	0.171216050111485	0.311975983805129	0.228817835748929	0.287990130334458
2	0.581289012097371	0.173338802005342	0.143344105589717	0.102028080307569
3	0.142447924787737	0.234856923544804	0.14975138606683	0.472943765600629
4	0.00019533664216173	0.000586823703505043	3.64999004733107e-06	0.999214189664286
5	0.011926092496724	0.924015314671881	6.84760415991922e-05	0.063990116789796
6	0.0367367071459057	0.947452164211286	0.000573370284971971	0.0152377583578368
7	0.0267295027351612	0.8089749287461	0.000966347215795397	0.163329221302943
8	0.0546700706618857	0.679472257536704	0.018380979472022	0.247476692329388
9	0.201298651489792	0.485310859706798	0.0818419242548849	0.231548564548525
10	0.234995828327997	0.24704432208808	0.228050652004592	0.289909197579331
