Pos	A	C	G	T
1	0.259655059950443	0.213724932295551	0.221956188192713	0.304663948048704
2	0.266233304130249	0.202467664206334	0.213482746916553	0.317816170677454
3	0.247929623542217	0.23765159601108	0.218918147840803	0.295500677139802
4	0.268587458778252	0.255718103173841	0.19112496521384	0.284569457929361
5	0.0713844753013714	0.623710478585524	0.00369103530224657	0.301214147914256
6	0.301214147914256	0.00369103530224657	0.623710478585524	0.0713844753013714
7	0.284569457929361	0.19112496521384	0.255718103173841	0.268587458778252
8	0.295500677139802	0.218918147840803	0.23765159601108	0.247929623542217
9	0.317816170677454	0.213482746916553	0.202467664206334	0.266233304130249
10	0.304663948048704	0.221956188192713	0.213724932295551	0.259655059950443
