Pos	A	C	G	T
1	0.255125145465064	0.237676511286841	0.228199067432715	0.278999252003005
2	0.207127389292558	0.173903635201554	0.296936828011865	0.32203236644916
3	0.280961645130132	0.131345415502747	0.392002117502375	0.19569095301909
4	1.3189715814852e-05	4.24912246038899e-05	0.999171686671749	0.000772174053126161
5	2.06722504444561e-11	2.08015742942454e-11	0.999838026239749	0.000162057379403749
6	0.000162057379403749	0.999838026239749	2.08015742942454e-11	2.06722504444561e-11
7	0.000772174053126161	0.999171686671749	4.24912246038899e-05	1.3189715814852e-05
8	0.19569095301909	0.392002117502375	0.131345415502747	0.280961645130132
9	0.32203236644916	0.296936828011865	0.173903635201554	0.207127389292558
10	0.278999252003005	0.228199067432715	0.237676511286841	0.255125145465064
