Pos	A	C	G	T
1	0.398809523809524	0.200396825396825	0.200396825396825	0.200396825396825
2	0.00099601593625498	0.00099601593625498	0.997011952191235	0.00099601593625498
3	0.00099601593625498	0.00099601593625498	0.997011952191235	0.00099601593625498
4	0.00099601593625498	0.00099601593625498	0.00099601593625498	0.997011952191235
5	0.100597609561753	0.00099601593625498	0.897410358565737	0.00099601593625498
6	0.00099601593625498	0.00099601593625498	0.00099601593625498	0.997011952191235
7	0.698207171314741	0.00099601593625498	0.00099601593625498	0.299800796812749
8	0.997011952191235	0.00099601593625498	0.00099601593625498	0.00099601593625498
9	0.398809523809524	0.200396825396825	0.00198412698412698	0.398809523809524
