Pos	A	C	G	T
1	0.0	0.0	0.666666666667	0.333333333333
2	0.272727272727273	0.484848484848485	0.242424242424242	0.0
3	0.515151515152	0.484848484848	0.0	0.0
4	0.484848484848	0.515151515152	0.0	0.0
5	0.0	1.0	0.0	0.0
6	0.0	1.0	0.0	0.0
7	0.121212121212121	0.484848484848485	0.0	0.393939393939394
8	0.272727272727	0.0	0.0	0.727272727273
9	0.454545454545	0.0	0.515151515152	0.030303030303
10	0.0	0.0	1.0	0.0
11	0.0	0.0	1.0	0.0
12	0.0	0.0	0.484848484848	0.515151515152
13	0.0	0.0	0.515151515152	0.484848484848
14	0.0	0.515151515152	0.484848484848	0.0
15	0.0	0.666666666667	0.121212121212	0.212121212121
