Pos	A	C	G	T
1	0.0	0.166666666666833	0.666666666666333	0.166666666666833
2	0.16666666666695	0.749999999999775	0.083333333333275	0.0
3	0.0	0.166666666667	0.0	0.833333333333
4	0.0	0.16666666666695	0.749999999999775	0.083333333333275
5	0.333333333333	0.166666666667	0.0	0.5
6	0.333333333333	0.0	0.0	0.666666666667
7	0.833333333333333	0.0833333333333333	0.0	0.0833333333333333
8	0.083333333333275	0.916666666666725	0.0	0.0
9	0.0	0.833333333333	0.0	0.166666666667
10	0.083333333333275	0.749999999999775	0.16666666666695	0.0
11	0.0	0.25	0.0	0.75
