Pos	A	C	G	T
1	0.28158844765343	0.0310469314079422	0.244043321299639	0.443321299638989
2	0.202722063037249	0.109240687679083	0.191977077363897	0.496060171919771
3	0.527456647398844	0.0	0.0	0.472543352601156
4	1.0	0.0	0.0	0.0
5	0.0341274951706375	0.891822279459111	0.0	0.0740502253702511
6	0.992120343839542	0.0	0.0	0.00787965616045845
7	0.0318221447253705	0.19180470793374	0.603748910200523	0.172624237140366
8	0.0622693726937269	0.638837638376384	0.0885608856088561	0.210332103321033
9	0.36173285198556	0.0902527075812274	0.376173285198556	0.171841155234657
