Pos	A	C	G	T
1	0.0151515151515152	0.263636363636364	0.178787878787879	0.542424242424242
2	0.0424242424242424	0.418181818181818	0.133333333333333	0.406060606060606
3	0.0303030303030303	0.0	0.0484848484848485	0.921212121212121
4	0.0	0.151515151515152	0.812121212121212	0.0363636363636364
5	0.0	0.248484848484849	0.0	0.751515151515152
6	0.0727272727272727	0.0	0.927272727272727	0.0
7	0.0363636363636364	0.0	0.963636363636364	0.0
8	0.0	0.0	0.236363636363636	0.763636363636364
9	0.0545454545454546	0.424242424242424	0.0484848484848485	0.472727272727273
10	0.381818181818182	0.0363636363636364	0.187878787878788	0.393939393939394
11	0.0545454545454546	0.321212121212121	0.339393939393939	0.284848484848485
